
6102855
23945843
11246082
44180055
3869665
11932846
2388857
967677
1878082
4462245
3703525
3384404
1122006
5130774
3424578
6662895
771029
2369321
1096811
11049645
23223750
2993192
2642047
49954
654238
702789
6018940
28992125
369216
1565632
264932
9212166
9211739
313706
7140895
5764826
24517
4191372
258003
20778107
939011
750220
3725576
14993224
4359745
1244089
465133
140163
1413377
31051351
333556
935581
14000716
4265931
4837211
14237574
2473967
799177
3367474
54749
1697179
17330966
3718069
1480420
10852879
8129277
493034
14807885
1699416
23886304
3388329
983321
4966282
2864095
16183476
13227608
6497828
361798
3646291
2356928
1304701
4655878
6210796
10227514
3033961
13134696
573302
4446530
14068082
1263092
9145919
2664147
1549663
6085311
4130471
22526
8103614
680168
31150534
3956139
4295818
1726948
457541
13992671
10600906
312852
14239
10125263
5376622
861259
1431915
14609740
28838
1516096
4239212
6275742
23474561
3779959
376948
7564548
3447787
4170060
87521
136872
24655479
17014316
3211072
353613
7094630
807132
10948474
19731971
52006
33558705
2830352
269990
925407
3937352
20764416
4318699
25891894
2243289
14325286
2239312
10958370
7038833
314047
4747822
9930155
1300663
144203
19880053
431880
11710815
14256168
18302514
667109
38462252
511537
1866123
3189769
362833
3687143
122478
16379113
2520711
1665880
698269
485513
1497331
6900078
330839
23177484
5277783
10160
139113
10906144
682137
34572064
188106
9412
9322976
5978641
13662481
53570
4546023
1417663
35907
246242
17089321
1465280
16063185
27304867
17334809
21848666
5334620
20944721
211164
5245628
29573185
423478
2506547
1241597
13851204
2942055
15748136
12981691
265720
9472577
9911975
16884730
6823022
121976
3951449
19426624
1359808
35310210
23647
3253
3385758
356998
10682487
20228000
668741
8709318
2401597
2393233
9451909
6500352
264716
15893264
3214747
2139425
2128441
16461050
25259
39852592
2597505
26291244
3710027
3338926
3609935
2169017
827582
482462
13612963
558398
103410
952754
22024153
2341
2197637
10154039
1574065
1684486
6860559
1198521
188984
4205119
142276
41704532
15244049
22710054
1360177
9176347
11844052
826139
3723391
12818930
4215990
22122409
6030065
9674922
26963578
20070052
184153
5445450
4134835
41144430
221698
6006540
19476792
122497
541434
11960567
24321993
3284728
1877229
358175
4999995
13801216
4163045
9879895
65165
4033535
1504886
25887837
6562350
493189
24332472
33431159
34604317
18433772
4353282
29431640
24842270
2344745
4075220
3957672
4208652
7550113
5016043
25444192
3693792
27760156
874992
11229342
30970895
2293620
5719413
6015940
12179659
4978606
5992265
12064216
33115141
36296188
180772
5255185
14418885
1710552
9167421
12779424
7933104
17115148
25808820
19718128
29685785
8692387
578899
7047331
415546
12098997
10185679
370700
6781311
25683341
310609
17180421
4412964
1790986
16177570
6112456
110251
5698128
9959438
1963863
13108999
2430896
2418229
9368352
1451898
9123557
14353
226488
1799537
6359
65199
29874741
4377987
59136
2745133
2374176
968066
4396552
3036765
2519785
1184398
905308
10108365
480724
1822818
235005
7046523
5301174
12969170
8397306
7735685
25472402
7309825
5110594
6461038
1838797
1906278
14188853
766376
7954895
9980500
16656036
234387
7724185
5778742
8947279
15804839
6009314
5778741
154324
2922448
336770
1430318
24544380
413712
3576552
37274
1251
11374250
2572921
27569478
887078
15972833
6785574
5700802
15611520
11012664
11601817
27868
29258597
6084424
27517
58338
177784
17810
12739740
14868720
2033916
4338012
6148565
15305293
3569577
8200647
1746117
5134892
1661253
3143520
1014053
676740
4548230
14046928
14914
3386610
151922
170125
2003931
6957790
21805132
1002486
3878149
1981221
421211
19301797
5287
887024
117104
911893
144415
75815
17541888
725780
14499092
195563
27548649
512849
4357504
246106
14493467
8545
12672233
786200
146135
14983777
4148
15956
9319716
1025249
6530168
215798
1628397
106843
25387646
122233
19469841
66655
83967
501894
21479436
43886
19855603
2839179
15728721
43177
6317929
4920496
3287661
8731234
2798666
5161399
13647331
6437284
4355382
2485047
12140685
19432950
428722
7830902
4125103
2232374
8703481
1661046
3684920
8018529
379606
2351667
5745007
8187094
102189
7746787
748318
13463093
4212281
36501
30740
3272061
8895868
1263553
5658282
1058058
11823947
17238908
4639714
54347
3251963
3470159
29589772
15116495
7805
9394640
8780063
1645782
656267
4427149
860868
4103725
33530
12378747
2094425
15463900
5031877
6768811
20147627
914731
1721427
5860132
13422032
7641998
6914520
23353614
6278
13112657
35640895
5721418
5554
9011357
9763130
33071675
1938947
259841
359182
22726053
11282008
768644
11439999
14095911
23928730
4996595
4794044
16958947
9568913
4747462
4545306
306989
13038527
5933325
1847482
12464687
354164
2077206
2074959
8243997
320664
1252211
17290
4323260
37932498
4959616
4003003
5080013
40353
2811925
16131820
12090761
20768243
28838573
7091992
26462303
9556348
3577060
8688616
2233786
27765776
23596716
5608790
4112920
27276
3093344
284790
6307980
15383650
14881241
9284013
12227548
1941163
12909306
37253820
12682841
1312952
158253
23174999
16522924
499783
17791262
1273251
6247574
11714216
7013
2971611
1240102
16481261
11685
35346408
19440186
2962647
4863381
5302293
4799589
4576609
14337246
9518776
217306
110672
139100
2442657
1612914
953538
14790556
175666
745930
206673
9614294
65155
159570
3318333
29592645
12658489
141319
318810
1081538
35562628
418324
20535688
170
27702
1701233
2981771
6373607
29959947
704810
258913
299783
17390904
6620471
910381
20249961
36083127
14924165
14601125
2950929
615205
15037284
25800872
1443177
