11246082
795196
44180055
3272487
6957790
490219
12364994
6657532
105026
13463954
3569577
1960050
1023317
40497746
6102855
44180055
894387
671593
648285
54749
591937
990017
12756857
2139425
12364994
33759840
1113943
465133
4072067
6751
688784
14112962
542753
34642665
33599688
15131268
1056186
1736499
19301797
702789
274594
3410615
37203936
24359642
22055974
1122006
31726112
3200523
19855603
1197484
44180055
25533695
4480830
23945843
16183476
2033916
3439325
2148690
672525
853948
33996
11246082
188106
211974
28130295
